0 ,0.0 ,0.0 ,-72.8 ,-70.066666666666 ,-65.866666666666 ,-10.733333333333 
1 ,111.0 ,0.0 ,-68.533333333333 ,-67.785714285714 ,-70.142857142857 ,-76.0 
2 ,222.0 ,0.0 ,-44.8 ,-66.2 ,-72.0 ,-74.0 
3 ,333.0 ,0.0 ,-27.733333333333 ,-20.0 ,-26.857142857142 ,-31.2 
4 ,444.0 ,0.0 ,-74.8 ,-71.142857142857 ,-22.5 ,-36.4 
5 ,0.0 ,111.0 ,-64.733333333333 ,-66.857142857142 ,-65.5 ,-68.733333333333 
6 ,111.0 ,111.0 ,-56.333333333333 ,-67.6 ,-64.666666666666 ,-66.933333333333 
7 ,222.0 ,111.0 ,-48.066666666666 ,-65.0 ,-71.133333333333 ,-68.733333333333 
8 ,333.0 ,111.0 ,-56.466666666666 ,-65.333333333333 ,-70.8 ,-69.066666666666 
3 ,333.0 ,0.0 ,-73.933333333333 ,-73.666666666666 ,-73.933333333333 ,-77.4 
9 ,444.0 ,111.0 ,-65.6 ,-69.142857142857 ,-67.571428571428 ,-76.4 
10 ,0.0 ,222.0 ,-61.666666666666 ,-69.571428571428 ,-67.133333333333 ,-68.933333333333 
11 ,111.0 ,222.0 ,-55.466666666666 ,-67.333333333333 ,-64.6 ,-71.533333333333 
12 ,222.0 ,222.0 ,-55.133333333333 ,-65.2 ,-71.333333333333 ,-70.466666666666 
13 ,333.0 ,222.0 ,-62.266666666666 ,-66.8 ,-69.533333333333 ,-71.866666666666 
14 ,444.0 ,222.0 ,-67.733333333333 ,-68.571428571428 ,-45.285714285714 ,-74.066666666666 
15 ,0.0 ,333.0 ,-56.933333333333 ,-63.733333333333 ,-72.6 ,-70.066666666666 
16 ,111.0 ,333.0 ,-55.571428571428 ,-66.533333333333 ,-67.533333333333 ,-63.571428571428 
17 ,222.0 ,333.0 ,-62.333333333333 ,-66.2 ,-66.928571428571 ,-65.866666666666 
18 ,333.0 ,333.0 ,-65.071428571428 ,-65.533333333333 ,-73.666666666666 ,-68.142857142857 
19 ,430.0 ,333.0 ,-67.666666666666 ,-63.466666666666 ,-72.533333333333 ,-73.666666666666 
20 ,0.0 ,444.0 ,-69.333333333333 ,-68.5 ,-67.857142857142 ,-69.0 
21 ,111.0 ,444.0 ,-55.285714285714 ,0.0 ,-42.066666666666 ,-16.857142857142 
22 ,222.0 ,444.0 ,-69.333333333333 ,-64.4 ,-73.5 ,-73.666666666666 
23 ,333.0 ,444.0 ,-66.785714285714 ,-64.8 ,-69.133333333333 ,-74.785714285714 
24 ,414.0 ,444.0 ,-74.866666666666 ,-56.857142857142 ,-65.571428571428 ,-71.4 
25 ,0.0 ,555.0 ,-69.333333333333 ,-77.066666666666 ,-72.533333333333 ,-68.066666666666 
26 ,111.0 ,555.0 ,-73.5 ,-76.066666666666 ,-73.733333333333 ,-73.642857142857 
27 ,222.0 ,555.0 ,-69.066666666666 ,-69.5 ,-69.571428571428 ,-72.266666666666 
28 ,333.0 ,555.0 ,-74.285714285714 ,-63.2 ,-70.8 ,-76.733333333333 
29 ,413.0 ,555.0 ,-62.4 ,-47.466666666666 ,-66.533333333333 ,-70.933333333333 
30 ,0.0 ,666.0 ,-68.142857142857 ,-76.266666666666 ,-74.4 ,-69.857142857142 
31 ,111.0 ,666.0 ,-68.866666666666 ,-68.933333333333 ,-67.666666666666 ,-63.8 
32 ,222.0 ,666.0 ,-69.066666666666 ,-67.933333333333 ,-66.8 ,-67.066666666666 
33 ,333.0 ,666.0 ,-74.533333333333 ,-66.214285714285 ,-71.571428571428 ,-75.333333333333 
34 ,413.0 ,666.0 ,-72.533333333333 ,-53.466666666666 ,-55.133333333333 ,-65.266666666666 
35 ,0.0 ,777.0 ,-72.666666666666 ,-72.4 ,-72.357142857142 ,-69.2 
36 ,111.0 ,777.0 ,-69.866666666666 ,-72.071428571428 ,-70.642857142857 ,-71.866666666666 
37 ,222.0 ,777.0 ,-72.266666666666 ,-71.785714285714 ,-68.214285714285 ,-68.133333333333 
38 ,333.0 ,777.0 ,-73.533333333333 ,-68.533333333333 ,-65.2 ,-69.733333333333 
39 ,413.0 ,777.0 ,-77.266666666666 ,-60.571428571428 ,-46.733333333333 ,-64.866666666666 
40 ,0.0 ,888.0 ,-70.266666666666 ,-74.133333333333 ,-70.142857142857 ,-66.066666666666 
41 ,111.0 ,888.0 ,-69.133333333333 ,-68.0 ,-70.428571428571 ,-66.666666666666 
42 ,222.0 ,888.0 ,-66.533333333333 ,-60.466666666666 ,-57.866666666666 ,-63.866666666666 
43 ,333.0 ,888.0 ,-61.0 ,-62.733333333333 ,-50.866666666666 ,-58.066666666666 
44 ,413.0 ,888.0 ,-72.666666666666 ,-61.466666666666 ,-53.4 ,-55.466666666666 
45 ,0.0 ,999.0 ,-70.933333333333 ,-69.933333333333 ,-71.533333333333 ,-68.466666666666 
46 ,111.0 ,999.0 ,-68.066666666666 ,-69.333333333333 ,-65.733333333333 ,-65.142857142857 
47 ,222.0 ,999.0 ,-66.333333333333 ,-65.6 ,-59.466666666666 ,-60.6 
48 ,333.0 ,999.0 ,-64.8 ,-64.866666666666 ,-56.4 ,-59.214285714285 
49 ,444.0 ,999.0 ,-72.066666666666 ,-72.066666666666 ,-61.733333333333 ,-63.0 
50 ,0.0 ,1110.0 ,-67.2 ,-66.133333333333 ,-67.533333333333 ,-65.0 
51 ,111.0 ,1110.0 ,-66.2 ,-67.928571428571 ,-64.928571428571 ,-60.666666666666 
52 ,222.0 ,1110.0 ,-65.5 ,-68.933333333333 ,-63.0 ,-51.0 
53 ,333.0 ,1110.0 ,-61.642857142857 ,-71.733333333333 ,-59.2 ,-61.357142857142 
54 ,444.0 ,1110.0 ,-75.933333333333 ,-72.866666666666 ,-67.666666666666 ,-59.466666666666 
55 ,0.0 ,1175.0 ,-71.666666666666 ,-70.571428571428 ,-70.571428571428 ,-63.2 
56 ,111.0 ,1175.0 ,-71.2 ,-64.733333333333 ,-61.6 ,-56.066666666666 
57 ,222.0 ,1175.0 ,-65.466666666666 ,-64.533333333333 ,-65.333333333333 ,-51.733333333333 
58 ,333.0 ,1175.0 ,-73.333333333333 ,-71.866666666666 ,-62.333333333333 ,-48.266666666666 
59 ,413.0 ,1175.0 ,-73.333333333333 ,-68.142857142857 ,-63.071428571428 ,-57.866666666666 
